 BFGS PM7 MMOK PRECISE
C4H9As

Xx -0.84770 1 -0.00240 1 -0.03740 1
H  -1.76250 1  0.10430 1  1.25870 1
C   0.48950 1  1.52140 1 -0.04810 1
C   1.79340 1  0.71380 1  0.23360 1
C   1.76270 1 -0.72660 1 -0.28650 1
C   0.49430 1 -1.50670 1  0.20350 1
H   0.52690 1  2.01170 1 -1.02080 1
H   0.28430 1  2.23700 1  0.74820 1
H   2.63070 1  1.23310 1 -0.23260 1
H   1.96120 1  0.69040 1  1.31030 1
H   1.76840 1 -0.70950 1 -1.37630 1
H   2.65470 1 -1.24740 1  0.06140 1
H   0.58240 1 -1.80680 1  1.24770 1
H   0.26870 1 -2.35690 1 -0.44010 1
